# pressure in mbar as function of h
h <- 1587 # Srinagar
p <- 1013.25 * (1 - 2.25577/100000* h)^5.25588 
 